Vertices/Positions:
0 0 106
0 1 114
0 2 121
0 3 128
0 4 132
0 5 141
1 0 109
1 1 118
1 2 123
1 3 130
1 4 136
1 5 144
2 0 110
2 1 120
2 2 125
2 3 132
2 4 139
2 5 146
3 0 110
3 1 120
3 2 125
3 3 131
3 4 140
3 5 148
4 0 112
4 1 120
4 2 124
4 3 129
4 4 140
4 5 149
5 0 111
5 1 120
5 2 123
5 3 128
5 4 140
5 5 148


Indices:
0
6
1
7
2
8
3
9
4
10
5
11
6
12
7
13
8
14
9
15
10
16
11
17
12
18
13
19
14
20
15
21
16
22
17
23
18
24
19
25
20
26
21
27
22
28
23
29
24
30
25
31
26
32
27
33
28
34
29
35
30
36
31
37
32
38
33
39
34
40
35
41
36
42
37
43
38
44
39
45
40
46
41
47
